3 4 6521 11444 3312 6282 
3 25 13794 15012 14961 15417 13752 15061 10343 15022 10412 15097 9931 7045 15079 15165 7083 13621 13627 13632 4491 14981 4653 1485 9949 13582 13573 
1 11 7083 15165 13653 13660 13654 13655 4168 6943 15099 14997 788 
1 8 13548 13556 7012 13588 13591 13587 7527 4653 
2 17 13591 13578 15066 10465 15229 15286 11975 1480 12381 13475 13472 12353 1433 15424 12325 13483 13476 
1 5 13772 13770 3941 14955 10343 
2 13 7045 12445 15205 15164 14937 10096 10468 14594 8014 14689 7791 14377 10909 
3 32 7552 13459 13461 15494 15269 15550 4464 15366 1615 15322 15331 15374 4622 7422 15406 12803 15380 968 14403 10909 14377 14398 10657 14726 14685 14826 9727 14850 4452 14761 15149 4601 
2 14 9727 14768 1445 14647 6696 15291 15255 15373 15342 954 14996 14936 12305 15157 
1 10 10909 1758 10281 14626 14364 10824 14614 14667 14476 7797 
3 11 1843 15525 9834 15282 10489 866 15413 12439 1572 13463 13472 
1 2 15362 15413 
1 4 13573 13584 14465 10909 
1 6 13752 13746 13737 15038 15125 6846 
2 3 13679 13672 14626 
2 5 13679 13688 14606 12709 6696 
2 10 13679 13680 8083 10657 913 14719 14689 14560 7643 4653 
1 6 13679 13668 14525 12501 1987 1769 
